[gd_scene load_steps=7 format=4 uid="uid://bfnj5ydwae3g0"]

[ext_resource type="Script" path="res://assets/dicer/dices/die.gd" id="1_h1v7f"]
[ext_resource type="Material" uid="uid://ryj4lu80i7tb" path="res://resources/dice/dice_material.tres" id="2_jm8mk"]

[sub_resource type="PhysicsMaterial" id="PhysicsMaterial_tok8s"]
friction = 0.8
rough = true
bounce = 0.2

[sub_resource type="ArrayMesh" id="ArrayMesh_lvh0e"]
resource_name = "d10_mesh_MeshBody1_003"
_surfaces = [{
"aabb": AABB(-9.7082, -7.32717, -9.52024, 19.4164, 14.6544, 19.0405),
"attribute_data": PackedByteArray("Q5fg/cLbYGzC22Bs//+//cLbYGwY3VZwDsXW/RjdVnAY3VZwx+k6/nDekWwhoeT97d1+/nDekWxw3pFspIQgTO2z3k3v+nlMHuOKSjOciEsbueT/4tqOROLajkTg9Yv94tqORBbb+ln383T+IovV/xbb+lkW2/pZN9IX/dXbmzTV25s0L5b//9XbmzQd3fwqjIkm/h3d/Cq+rt7/Hd38KoatX/4e3ztaW7rY/R7fO1oe3ztazn9A/lbfzERW38xEVt/MRETokf6A3HX/ZN66NGTeujSYomP9ZN66NH/XBFXXv2VQVKh7UeTu7U9wkMRQ"),
"format": 34896613399,
"index_count": 60,
"index_data": PackedByteArray("AAATAAsAFwARAAMABAAdABgAFQAgACcAJAAtAA8AEAAUACYADQAFAAEADAASADEAGQACAAgALAAOADAAIQAbADsAMwAjAB8ALgAlADQAKwAHAAoAKAA1ADkAHgA3ADIAHAAiABYACQA6ABoABgAqADgANgApAC8A"),
"name": "Steel - Satin.002",
"primitive": 3,
"uv_scale": Vector4(1.3547, 0.35048, 0, 0),
"vertex_count": 60,
"vertex_data": PackedByteArray("5DASAOtJ8b/kMBIA60nyv+QwEgDrSXUD5DASAOtJS87kMBIA60l1sv9/AADvHvK//38AAO8eDu7/fwAA7x6OA/9/AADvHnUD/38AAO8eEe4azxIA60mOAxrPEgDrSfG/Gs8SAOtJWM4azxIA60nyvxrPEgDrSXmy/39iAP//Au7/f2IA//8H7v9/YgD//0vO/39iAP//WM7/f2IA///xvwAAPp5UpwfuAAA+nlSnU6IAAD6eVKdGIgAAPp5Up0vOAAA+nlSndbIAAMBhqlh1AwAAwGGqWBHuAADAYapYac4AAMBhqlhGIgAAwGGqWHWy5DDs/xO2DcDkMOz/E7byP+Qw7P8TtlOi5DDs/xO2ac7kMOz/E7ZGIv9///8P4fI//3///w/hAu7/f///D+Fyov9///8P4Qfu/3///w/hU6L+/8Bhqlhizv7/wGGqWCsi/v/AYapYDu7+/8BhqliOA/7/wGGqWHmy//8+nlSnAu7//z6eVKdyov//Pp5Upysi//8+nlSnebL//z6eVKdYzhrP7P8Ttg3AGs/s/xO28j8az+z/E7ZyohrP7P8TtmLOGs/s/xO2KyL/f5z/AAANwP9/nP8AAA7u/3+c/wAAYs7/f5z/AAAR7v9/nP8AAGnOAQACgNIApYHkIg11jET6h2pI8r7SAKWBxpUVIoYKh6LkIg11JKIp6oYKh6IBAAKA7QdzO9IApYG6Ppg3UAzAFT5qToyMRPqH7QdzOwEAAoA+ak6MF32nts70UbKMRPqHakjyvuQiDXUkoinqeMN8xM70UbJqSPK+AP8CfpD/NoAXfae2eMN8xM70UbKQ/zaAUAzAFXI2/wI+ak6MF32ntmK7JEPCzQh1xpUVIoYKh6K6Ppg3UAzAFXI2/wLCzQh1uj6YN+0HczsA/wJ+kP82gHI2/wJiuyRDws0IdQD/An7GlRUiYrskQySiKep4w3zE")
}]
blend_shape_mode = 0

[sub_resource type="ConvexPolygonShape3D" id="ConvexPolygonShape3D_t2flh"]
points = PackedVector3Array(-0.00189972, 7.30423, -9.52024, -6.00016, 7.32287, 4.02206, 5.99826, 7.32287, 4.02206, 9.7063, -1.73282, -2.92615, -0.00189972, -7.32717, -7.22032, -9.7082, -1.73282, -2.92615)

[sub_resource type="ConvexPolygonShape3D" id="ConvexPolygonShape3D_dn3j1"]
custom_solver_bias = 1.0
points = PackedVector3Array(9.70821, 1.72995, 2.92429, 5.99826, -7.32431, -4.02392, -6.00016, -7.32431, -4.02392, -9.7082, 1.72995, 2.92429, -0.00189972, -7.30566, 9.51838, -0.00189972, 7.32718, 7.21846)

[node name="D10" type="RigidBody3D" groups=["die"]]
collision_layer = 268435456
collision_mask = 16777217
physics_material_override = SubResource("PhysicsMaterial_tok8s")
gravity_scale = 2.0
center_of_mass_mode = 1
max_contacts_reported = 1
script = ExtResource("1_h1v7f")

[node name="MeshInstance3D" type="MeshInstance3D" parent="."]
unique_name_in_owner = true
transform = Transform3D(0.04, 0, 0, 0, 0.04, 0, 0, 0, 0.04, 0, 0, 0)
layers = 64
material_override = ExtResource("2_jm8mk")
cast_shadow = 0
mesh = SubResource("ArrayMesh_lvh0e")

[node name="CollisionShape3D" type="CollisionShape3D" parent="."]
transform = Transform3D(0.04, 0, 0, 0, 0.04, 0, 0, 0, 0.04, 0, 0, 0)
shape = SubResource("ConvexPolygonShape3D_t2flh")

[node name="CollisionShape3D2" type="CollisionShape3D" parent="."]
transform = Transform3D(0.04, 0, 0, 0, 0.04, 0, 0, 0, 0.04, 0, 0, 0)
shape = SubResource("ConvexPolygonShape3D_dn3j1")

[node name="Raycasts" type="Node3D" parent="."]
unique_name_in_owner = true
transform = Transform3D(0.325, 0, 0, 0, 0.325, 0, 0, 0, 0.325, 0, 0, 0)

[node name="1" type="RayCast3D" parent="Raycasts"]
transform = Transform3D(0.719719, 0.0994375, 0.687109, -0.583459, -0.449755, 0.676237, 0.376274, -0.887599, -0.265679, 0, 0, 0)
target_position = Vector3(1, 0, 0)
collision_mask = 16777216

[node name="2" type="RayCast3D" parent="Raycasts"]
transform = Transform3D(-4.37114e-08, -1, 0, 1, -4.37114e-08, 0, 0, 0, 1, 0, 0, 0)
target_position = Vector3(1, 0, 0)
collision_mask = 16777216

[node name="3" type="RayCast3D" parent="Raycasts"]
transform = Transform3D(-0.731795, -0.0256412, -0.681043, -0.574967, 0.559744, 0.59674, 0.365908, 0.828269, -0.424361, 0, 0, 0)
target_position = Vector3(1, 0, 0)
collision_mask = 16777216

[node name="4" type="RayCast3D" parent="Raycasts"]
transform = Transform3D(0.471731, -0.392664, 0.789485, -0.146421, 0.848053, 0.509282, -0.8695, -0.355841, 0.342558, 0, 0, 0)
target_position = Vector3(1, 0, 0)
collision_mask = 16777216

[node name="5" type="RayCast3D" parent="Raycasts"]
transform = Transform3D(-0.464559, 0.87156, 0.156745, 0.103461, -0.122373, 0.987077, 0.879478, 0.474773, -0.033323, 0, 0, 0)
target_position = Vector3(1, 0, 0)
collision_mask = 16777216

[node name="6" type="RayCast3D" parent="Raycasts"]
transform = Transform3D(0.746828, -0.656208, 0.107888, 0.570338, 0.715447, 0.403548, -0.342, -0.239848, 0.908576, 0, 0, 0)
target_position = Vector3(1, 0, 0)
collision_mask = 16777216

[node name="7" type="RayCast3D" parent="Raycasts"]
transform = Transform3D(-4.37114e-08, 1, 0, -1, -4.37114e-08, 0, 0, 0, 1, 0, 0, 0)
target_position = Vector3(1, 0, 0)
collision_mask = 16777216

[node name="8" type="RayCast3D" parent="Raycasts"]
transform = Transform3D(-0.737549, -0.549872, 0.391997, 0.57403, -0.204759, 0.79282, -0.355684, 0.809762, 0.466664, 0, 0, 0)
target_position = Vector3(1, 0, 0)
collision_mask = 16777216

[node name="9" type="RayCast3D" parent="Raycasts"]
transform = Transform3D(0.447764, 0.851238, 0.27368, 0.111895, -0.357016, 0.927373, 0.887123, -0.38462, -0.255107, 0, 0, 0)
target_position = Vector3(1, 0, 0)
collision_mask = 16777216

[node name="10" type="RayCast3D" parent="Raycasts"]
transform = Transform3D(-0.493998, -0.464372, -0.735069, -0.215927, -0.753419, 0.621077, -0.842225, 0.465531, 0.271916, 0, 0, 0)
target_position = Vector3(1, 0, 0)
collision_mask = 16777216
