[gd_scene load_steps=6 format=3 uid="uid://bo0d1sudu82pv"]

[ext_resource type="Script" path="res://assets/dicer/dices/die.gd" id="1_kx4uh"]
[ext_resource type="Material" uid="uid://ryj4lu80i7tb" path="res://resources/dice/dice_material.tres" id="2_i5mnt"]

[sub_resource type="PhysicsMaterial" id="PhysicsMaterial_tok8s"]
friction = 0.8
rough = true
bounce = 0.2

[sub_resource type="ArrayMesh" id="ArrayMesh_eibak"]
resource_name = "d100_mesh_MeshBody1_003"
_surfaces = [{
"aabb": AABB(-9.7082, -7.32717, -9.52024, 19.4164, 14.6544, 19.0405),
"attribute_data": PackedByteArray(184, 33, 160, 172, 131, 126, 162, 121, 131, 126, 162, 121, 122, 111, 21, 173, 131, 126, 162, 121, 82, 128, 5, 123, 194, 95, 157, 172, 82, 128, 5, 123, 82, 128, 5, 123, 130, 145, 192, 172, 36, 130, 179, 121, 23, 47, 162, 172, 116, 129, 216, 172, 36, 130, 179, 121, 36, 130, 179, 121, 127, 8, 84, 110, 141, 72, 240, 110, 159, 104, 243, 110, 123, 136, 198, 109, 105, 40, 31, 110, 145, 79, 85, 173, 84, 125, 173, 107, 84, 125, 173, 107, 196, 97, 2, 173, 84, 125, 173, 107, 153, 125, 47, 115, 78, 159, 212, 172, 74, 17, 80, 173, 153, 125, 47, 115, 153, 125, 47, 115, 150, 113, 90, 172, 157, 126, 22, 102, 157, 126, 22, 102, 67, 32, 94, 173, 157, 126, 22, 102, 90, 128, 183, 98, 36, 15, 185, 172, 90, 128, 183, 98, 135, 65, 83, 173, 90, 128, 183, 98, 225, 63, 205, 172, 17, 131, 70, 115, 67, 81, 158, 172, 17, 131, 70, 115, 17, 131, 70, 115, 242, 1, 194, 172, 92, 131, 195, 107, 92, 131, 195, 107, 92, 131, 195, 107, 117, 143, 222, 172, 132, 127, 46, 173, 20, 130, 33, 102, 20, 130, 33, 102, 19, 49, 117, 172, 20, 130, 33, 102, 189, 120, 114, 113, 177, 88, 211, 111, 216, 56, 53, 112, 110, 152, 169, 111, 122, 24, 245, 111),
"format": 34896613399,
"index_count": 60,
"index_data": PackedByteArray(0, 0, 19, 0, 11, 0, 23, 0, 17, 0, 3, 0, 4, 0, 29, 0, 24, 0, 21, 0, 32, 0, 39, 0, 36, 0, 45, 0, 15, 0, 16, 0, 20, 0, 38, 0, 13, 0, 5, 0, 1, 0, 12, 0, 18, 0, 49, 0, 25, 0, 2, 0, 8, 0, 44, 0, 14, 0, 48, 0, 33, 0, 27, 0, 59, 0, 51, 0, 35, 0, 31, 0, 46, 0, 37, 0, 52, 0, 43, 0, 7, 0, 10, 0, 40, 0, 53, 0, 57, 0, 30, 0, 55, 0, 50, 0, 28, 0, 34, 0, 22, 0, 9, 0, 58, 0, 26, 0, 6, 0, 42, 0, 56, 0, 54, 0, 41, 0, 47, 0),
"name": "Steel - Satin.002",
"primitive": 3,
"uv_scale": Vector4(0, 0, 0, 0),
"vertex_count": 60,
"vertex_data": PackedByteArray(228, 48, 18, 0, 235, 73, 241, 191, 228, 48, 18, 0, 235, 73, 242, 191, 228, 48, 18, 0, 235, 73, 117, 3, 228, 48, 18, 0, 235, 73, 75, 206, 228, 48, 18, 0, 235, 73, 117, 178, 255, 127, 0, 0, 239, 30, 242, 191, 255, 127, 0, 0, 239, 30, 14, 238, 255, 127, 0, 0, 239, 30, 142, 3, 255, 127, 0, 0, 239, 30, 117, 3, 255, 127, 0, 0, 239, 30, 17, 238, 26, 207, 18, 0, 235, 73, 142, 3, 26, 207, 18, 0, 235, 73, 241, 191, 26, 207, 18, 0, 235, 73, 88, 206, 26, 207, 18, 0, 235, 73, 242, 191, 26, 207, 18, 0, 235, 73, 121, 178, 255, 127, 98, 0, 255, 255, 2, 238, 255, 127, 98, 0, 255, 255, 7, 238, 255, 127, 98, 0, 255, 255, 75, 206, 255, 127, 98, 0, 255, 255, 88, 206, 255, 127, 98, 0, 255, 255, 241, 191, 0, 0, 62, 158, 84, 167, 7, 238, 0, 0, 62, 158, 84, 167, 83, 162, 0, 0, 62, 158, 84, 167, 70, 34, 0, 0, 62, 158, 84, 167, 75, 206, 0, 0, 62, 158, 84, 167, 117, 178, 0, 0, 192, 97, 170, 88, 117, 3, 0, 0, 192, 97, 170, 88, 17, 238, 0, 0, 192, 97, 170, 88, 105, 206, 0, 0, 192, 97, 170, 88, 70, 34, 0, 0, 192, 97, 170, 88, 117, 178, 228, 48, 236, 255, 19, 182, 13, 192, 228, 48, 236, 255, 19, 182, 242, 63, 228, 48, 236, 255, 19, 182, 83, 162, 228, 48, 236, 255, 19, 182, 105, 206, 228, 48, 236, 255, 19, 182, 70, 34, 255, 127, 255, 255, 15, 225, 242, 63, 255, 127, 255, 255, 15, 225, 2, 238, 255, 127, 255, 255, 15, 225, 114, 162, 255, 127, 255, 255, 15, 225, 7, 238, 255, 127, 255, 255, 15, 225, 83, 162, 254, 255, 192, 97, 170, 88, 98, 206, 254, 255, 192, 97, 170, 88, 43, 34, 254, 255, 192, 97, 170, 88, 14, 238, 254, 255, 192, 97, 170, 88, 142, 3, 254, 255, 192, 97, 170, 88, 121, 178, 255, 255, 62, 158, 84, 167, 2, 238, 255, 255, 62, 158, 84, 167, 114, 162, 255, 255, 62, 158, 84, 167, 43, 34, 255, 255, 62, 158, 84, 167, 121, 178, 255, 255, 62, 158, 84, 167, 88, 206, 26, 207, 236, 255, 19, 182, 13, 192, 26, 207, 236, 255, 19, 182, 242, 63, 26, 207, 236, 255, 19, 182, 114, 162, 26, 207, 236, 255, 19, 182, 98, 206, 26, 207, 236, 255, 19, 182, 43, 34, 255, 127, 156, 255, 0, 0, 13, 192, 255, 127, 156, 255, 0, 0, 14, 238, 255, 127, 156, 255, 0, 0, 98, 206, 255, 127, 156, 255, 0, 0, 17, 238, 255, 127, 156, 255, 0, 0, 105, 206, 1, 0, 2, 128, 210, 0, 165, 129, 228, 34, 13, 117, 140, 68, 250, 135, 106, 72, 242, 190, 210, 0, 165, 129, 198, 149, 21, 34, 134, 10, 135, 162, 228, 34, 13, 117, 36, 162, 41, 234, 134, 10, 135, 162, 1, 0, 2, 128, 237, 7, 115, 59, 210, 0, 165, 129, 186, 62, 152, 55, 80, 12, 192, 21, 62, 106, 78, 140, 140, 68, 250, 135, 237, 7, 115, 59, 1, 0, 2, 128, 62, 106, 78, 140, 23, 125, 167, 182, 206, 244, 81, 178, 140, 68, 250, 135, 106, 72, 242, 190, 228, 34, 13, 117, 36, 162, 41, 234, 120, 195, 124, 196, 206, 244, 81, 178, 106, 72, 242, 190, 0, 255, 2, 126, 144, 255, 54, 128, 23, 125, 167, 182, 120, 195, 124, 196, 206, 244, 81, 178, 144, 255, 54, 128, 80, 12, 192, 21, 114, 54, 255, 2, 62, 106, 78, 140, 23, 125, 167, 182, 98, 187, 36, 67, 194, 205, 8, 117, 198, 149, 21, 34, 134, 10, 135, 162, 186, 62, 152, 55, 80, 12, 192, 21, 114, 54, 255, 2, 194, 205, 8, 117, 186, 62, 152, 55, 237, 7, 115, 59, 0, 255, 2, 126, 144, 255, 54, 128, 114, 54, 255, 2, 98, 187, 36, 67, 194, 205, 8, 117, 0, 255, 2, 126, 198, 149, 21, 34, 98, 187, 36, 67, 36, 162, 41, 234, 120, 195, 124, 196)
}]
blend_shape_mode = 0

[sub_resource type="ConvexPolygonShape3D" id="ConvexPolygonShape3D_dn3j1"]
points = PackedVector3Array(-0.00189972, 7.30423, -9.52024, -6.00016, 7.32287, 4.02206, 5.99826, 7.32287, 4.02206, 9.70821, 1.72995, 2.92429, 9.7063, -1.73282, -2.92615, 5.99826, -7.32431, -4.02392, -0.00189972, -7.32717, -7.22032, -6.00016, -7.32431, -4.02392, -9.7082, -1.73282, -2.92615, -9.7082, 1.72995, 2.92429, -0.00189972, -7.30566, 9.51838, -0.00189972, 7.32718, 7.21846)

[node name="D100" type="RigidBody3D" groups=["die"]]
collision_layer = 268435456
collision_mask = 16777217
physics_material_override = SubResource("PhysicsMaterial_tok8s")
gravity_scale = 2.0
center_of_mass_mode = 1
script = ExtResource("1_kx4uh")

[node name="MeshInstance3D" type="MeshInstance3D" parent="."]
unique_name_in_owner = true
transform = Transform3D(0.04, 0, 0, 0, 0.04, 0, 0, 0, 0.04, 0, 0, 0)
layers = 64
material_override = ExtResource("2_i5mnt")
cast_shadow = 0
mesh = SubResource("ArrayMesh_eibak")

[node name="CollisionShape3D" type="CollisionShape3D" parent="."]
transform = Transform3D(0.04, 0, 0, 0, 0.04, 0, 0, 0, 0.04, 0, 0, 0)
shape = SubResource("ConvexPolygonShape3D_dn3j1")

[node name="Raycasts" type="Node3D" parent="."]
unique_name_in_owner = true
transform = Transform3D(0.325, 0, 0, 0, 0.325, 0, 0, 0, 0.325, 0, 0, 0)

[node name="10" type="RayCast3D" parent="Raycasts"]
transform = Transform3D(0.719719, 0.0994375, 0.687109, -0.583459, -0.449755, 0.676237, 0.376274, -0.887599, -0.265679, 0, 0, 0)
target_position = Vector3(1, 0, 0)
collision_mask = 16777216

[node name="20" type="RayCast3D" parent="Raycasts"]
transform = Transform3D(-4.37114e-08, -1, 0, 1, -4.37114e-08, 0, 0, 0, 1, 0, 0, 0)
target_position = Vector3(1, 0, 0)
collision_mask = 16777216

[node name="30" type="RayCast3D" parent="Raycasts"]
transform = Transform3D(-0.731795, -0.0256412, -0.681043, -0.574967, 0.559744, 0.59674, 0.365908, 0.828269, -0.424361, 0, 0, 0)
target_position = Vector3(1, 0, 0)
collision_mask = 16777216

[node name="40" type="RayCast3D" parent="Raycasts"]
transform = Transform3D(0.471731, -0.392664, 0.789485, -0.146421, 0.848053, 0.509282, -0.8695, -0.355841, 0.342558, 0, 0, 0)
target_position = Vector3(1, 0, 0)
collision_mask = 16777216

[node name="50" type="RayCast3D" parent="Raycasts"]
transform = Transform3D(-0.464559, 0.87156, 0.156745, 0.103461, -0.122373, 0.987077, 0.879478, 0.474773, -0.033323, 0, 0, 0)
target_position = Vector3(1, 0, 0)
collision_mask = 16777216

[node name="60" type="RayCast3D" parent="Raycasts"]
transform = Transform3D(0.746828, -0.656208, 0.107888, 0.570338, 0.715447, 0.403548, -0.342, -0.239848, 0.908576, 0, 0, 0)
target_position = Vector3(1, 0, 0)
collision_mask = 16777216

[node name="70" type="RayCast3D" parent="Raycasts"]
transform = Transform3D(-4.37114e-08, 1, 0, -1, -4.37114e-08, 0, 0, 0, 1, 0, 0, 0)
target_position = Vector3(1, 0, 0)
collision_mask = 16777216

[node name="80" type="RayCast3D" parent="Raycasts"]
transform = Transform3D(-0.737549, -0.549872, 0.391997, 0.57403, -0.204759, 0.79282, -0.355684, 0.809762, 0.466664, 0, 0, 0)
target_position = Vector3(1, 0, 0)
collision_mask = 16777216

[node name="90" type="RayCast3D" parent="Raycasts"]
transform = Transform3D(0.447764, 0.851238, 0.27368, 0.111895, -0.357016, 0.927373, 0.887123, -0.38462, -0.255107, 0, 0, 0)
target_position = Vector3(1, 0, 0)
collision_mask = 16777216

[node name="100" type="RayCast3D" parent="Raycasts"]
transform = Transform3D(-0.493998, -0.464372, -0.735069, -0.215927, -0.753419, 0.621077, -0.842225, 0.465531, 0.271916, 0, 0, 0)
target_position = Vector3(1, 0, 0)
collision_mask = 16777216
