[gd_scene load_steps=6 format=3 uid="uid://cyxqyn6xo0p4q"]

[ext_resource type="Script" path="res://assets/dicer/dices/die.gd" id="1_h3cir"]
[ext_resource type="Material" uid="uid://ryj4lu80i7tb" path="res://resources/dice/dice_material.tres" id="2_2rqaq"]

[sub_resource type="PhysicsMaterial" id="PhysicsMaterial_tok8s"]
friction = 0.8
rough = true
bounce = 0.2

[sub_resource type="ArrayMesh" id="ArrayMesh_ya36o"]
resource_name = "d12_mesh_MeshBody1_004"
_surfaces = [{
"aabb": AABB(-10.5659, -9.05729, -11.1222, 21.1319, 18.1146, 22.2445),
"attribute_data": PackedByteArray(106, 36, 94, 120, 104, 58, 235, 53, 179, 130, 122, 53, 103, 28, 135, 119, 89, 44, 109, 121, 244, 50, 6, 54, 173, 154, 76, 56, 67, 20, 146, 119, 38, 47, 16, 90, 69, 146, 115, 56, 182, 40, 69, 69, 142, 122, 153, 53, 20, 34, 168, 88, 44, 115, 177, 53, 51, 138, 78, 53, 139, 40, 128, 95, 253, 1, 73, 88, 106, 150, 161, 4, 142, 92, 230, 25, 127, 8, 100, 69, 163, 143, 132, 24, 209, 124, 124, 25, 61, 157, 69, 24, 189, 17, 157, 88, 162, 86, 162, 8, 218, 150, 98, 35, 21, 173, 7, 25, 81, 24, 112, 69, 179, 80, 211, 25, 104, 17, 100, 26, 221, 170, 32, 53, 244, 82, 182, 53, 173, 22, 33, 11, 120, 4, 227, 118, 71, 90, 194, 53, 19, 86, 238, 32, 23, 167, 232, 7, 233, 30, 139, 88, 160, 48, 181, 25, 175, 60, 138, 25, 165, 70, 107, 10, 87, 128, 253, 24, 42, 161, 107, 25, 164, 54, 26, 8, 233, 75, 253, 25, 170, 54, 12, 31, 234, 25, 45, 51, 74, 67, 159, 50, 11, 42, 121, 52, 105, 19, 36, 51, 128, 163, 94, 53, 214, 73, 213, 50, 81, 65, 165, 25, 51, 44, 175, 25, 98, 134, 55, 7, 73, 70, 95, 34, 238, 27, 114, 26, 131, 12, 232, 118, 2, 35, 141, 52, 93, 22, 245, 34, 183, 23, 108, 96, 127, 167, 204, 34, 223, 112, 163, 25, 127, 38, 52, 9, 122, 140, 183, 24, 251, 134, 21, 32, 0, 15, 81, 88, 212, 118, 52, 8, 209, 32, 206, 25, 127, 118, 43, 35, 125, 8, 40, 94, 10, 39, 132, 32),
"format": 34896613399,
"index_count": 180,
"index_data": PackedByteArray(12, 0, 15, 0, 0, 0, 15, 0, 4, 0, 0, 0, 15, 0, 8, 0, 4, 0, 8, 0, 15, 0, 10, 0, 15, 0, 12, 0, 10, 0, 22, 0, 25, 0, 17, 0, 25, 0, 20, 0, 17, 0, 25, 0, 9, 0, 20, 0, 9, 0, 25, 0, 6, 0, 25, 0, 22, 0, 6, 0, 24, 0, 35, 0, 28, 0, 35, 0, 31, 0, 28, 0, 35, 0, 34, 0, 31, 0, 34, 0, 35, 0, 18, 0, 35, 0, 24, 0, 18, 0, 43, 0, 45, 0, 38, 0, 45, 0, 5, 0, 38, 0, 45, 0, 1, 0, 5, 0, 1, 0, 45, 0, 39, 0, 45, 0, 43, 0, 39, 0, 52, 0, 55, 0, 47, 0, 55, 0, 51, 0, 47, 0, 55, 0, 44, 0, 51, 0, 44, 0, 55, 0, 40, 0, 55, 0, 52, 0, 40, 0, 46, 0, 59, 0, 56, 0, 59, 0, 32, 0, 56, 0, 59, 0, 29, 0, 32, 0, 29, 0, 59, 0, 49, 0, 59, 0, 46, 0, 49, 0, 3, 0, 60, 0, 37, 0, 60, 0, 27, 0, 37, 0, 60, 0, 23, 0, 27, 0, 23, 0, 60, 0, 7, 0, 60, 0, 3, 0, 7, 0, 42, 0, 61, 0, 50, 0, 61, 0, 30, 0, 50, 0, 61, 0, 26, 0, 30, 0, 26, 0, 61, 0, 36, 0, 61, 0, 42, 0, 36, 0, 54, 0, 65, 0, 41, 0, 65, 0, 2, 0, 41, 0, 65, 0, 14, 0, 2, 0, 14, 0, 65, 0, 64, 0, 65, 0, 54, 0, 64, 0, 13, 0, 69, 0, 11, 0, 69, 0, 21, 0, 11, 0, 69, 0, 67, 0, 21, 0, 67, 0, 69, 0, 62, 0, 69, 0, 13, 0, 62, 0, 19, 0, 70, 0, 16, 0, 70, 0, 33, 0, 16, 0, 70, 0, 57, 0, 33, 0, 57, 0, 70, 0, 66, 0, 70, 0, 19, 0, 66, 0, 53, 0, 71, 0, 63, 0, 71, 0, 68, 0, 63, 0, 71, 0, 58, 0, 68, 0, 58, 0, 71, 0, 48, 0, 71, 0, 53, 0, 48, 0),
"lods": [0.00682871, PackedByteArray(0, 0, 8, 0, 4, 0, 8, 0, 0, 0, 10, 0, 0, 0, 12, 0, 10, 0, 17, 0, 9, 0, 20, 0, 9, 0, 17, 0, 6, 0, 17, 0, 22, 0, 6, 0, 28, 0, 34, 0, 31, 0, 34, 0, 28, 0, 18, 0, 28, 0, 24, 0, 18, 0, 38, 0, 1, 0, 5, 0, 1, 0, 38, 0, 39, 0, 38, 0, 43, 0, 39, 0, 47, 0, 44, 0, 51, 0, 44, 0, 47, 0, 40, 0, 47, 0, 52, 0, 40, 0, 56, 0, 29, 0, 32, 0, 29, 0, 56, 0, 49, 0, 56, 0, 46, 0, 49, 0, 3, 0, 27, 0, 37, 0, 27, 0, 3, 0, 7, 0, 23, 0, 27, 0, 7, 0, 42, 0, 36, 0, 50, 0, 36, 0, 30, 0, 50, 0, 36, 0, 26, 0, 30, 0, 54, 0, 14, 0, 41, 0, 14, 0, 2, 0, 41, 0, 14, 0, 54, 0, 64, 0, 11, 0, 67, 0, 21, 0, 67, 0, 11, 0, 62, 0, 11, 0, 13, 0, 62, 0, 16, 0, 57, 0, 33, 0, 57, 0, 16, 0, 66, 0, 16, 0, 19, 0, 66, 0, 63, 0, 58, 0, 68, 0, 58, 0, 63, 0, 48, 0, 63, 0, 53, 0, 48, 0)],
"name": "Steel - Satin.003",
"primitive": 3,
"uv_scale": Vector4(0, 0, 0, 0),
"vertex_count": 72,
"vertex_data": PackedByteArray(232, 78, 93, 0, 171, 190, 105, 147, 232, 78, 93, 0, 171, 190, 195, 255, 232, 78, 93, 0, 171, 190, 101, 207, 148, 176, 0, 0, 136, 190, 218, 207, 148, 176, 0, 0, 136, 190, 103, 147, 148, 176, 0, 0, 136, 190, 195, 255, 23, 207, 56, 96, 232, 230, 44, 164, 23, 207, 56, 96, 232, 230, 218, 207, 23, 207, 56, 96, 232, 230, 102, 147, 69, 128, 13, 156, 255, 255, 44, 164, 69, 128, 13, 156, 255, 255, 102, 147, 69, 128, 13, 156, 255, 255, 211, 163, 13, 49, 207, 96, 32, 231, 103, 147, 13, 49, 207, 96, 32, 231, 211, 163, 13, 49, 207, 96, 32, 231, 101, 207, 18, 128, 6, 78, 66, 223, 103, 147, 103, 207, 53, 254, 134, 153, 246, 255, 103, 207, 53, 254, 134, 153, 44, 164, 103, 207, 53, 254, 134, 153, 9, 241, 119, 128, 177, 253, 43, 208, 247, 255, 119, 128, 177, 253, 43, 208, 44, 164, 119, 128, 177, 253, 43, 208, 211, 163, 254, 255, 226, 156, 147, 167, 44, 164, 254, 255, 226, 156, 147, 167, 218, 207, 254, 255, 226, 156, 147, 167, 9, 241, 141, 187, 54, 175, 201, 205, 44, 164, 182, 255, 40, 98, 15, 88, 122, 231, 182, 255, 40, 98, 15, 88, 218, 207, 182, 255, 40, 98, 15, 88, 9, 241, 241, 206, 47, 159, 222, 24, 5, 250, 241, 206, 47, 159, 222, 24, 122, 231, 241, 206, 47, 159, 222, 24, 9, 241, 22, 177, 161, 255, 83, 65, 5, 250, 22, 177, 161, 255, 83, 65, 246, 255, 22, 177, 161, 255, 83, 65, 9, 241, 194, 223, 229, 176, 144, 98, 9, 241, 161, 206, 50, 1, 63, 102, 122, 231, 161, 206, 50, 1, 63, 102, 218, 207, 161, 206, 50, 1, 63, 102, 195, 255, 151, 48, 201, 1, 120, 102, 195, 255, 151, 48, 201, 1, 120, 102, 131, 231, 151, 48, 201, 1, 120, 102, 101, 207, 135, 127, 77, 2, 211, 47, 122, 231, 135, 127, 77, 2, 211, 47, 195, 255, 135, 127, 77, 2, 211, 47, 131, 231, 146, 127, 61, 1, 62, 119, 195, 255, 231, 48, 198, 159, 22, 25, 5, 250, 231, 48, 198, 159, 22, 25, 131, 231, 231, 48, 198, 159, 22, 25, 37, 241, 185, 127, 241, 99, 0, 0, 5, 250, 185, 127, 241, 99, 0, 0, 122, 231, 185, 127, 241, 99, 0, 0, 131, 231, 0, 0, 28, 99, 107, 88, 131, 231, 0, 0, 28, 99, 107, 88, 37, 241, 0, 0, 28, 99, 107, 88, 101, 207, 113, 68, 200, 80, 53, 50, 131, 231, 106, 79, 255, 255, 118, 65, 5, 250, 106, 79, 255, 255, 118, 65, 246, 255, 106, 79, 255, 255, 118, 65, 37, 241, 236, 127, 248, 177, 188, 32, 5, 250, 157, 223, 113, 78, 34, 157, 218, 207, 25, 187, 49, 80, 37, 50, 122, 231, 72, 0, 214, 157, 239, 167, 211, 163, 72, 0, 214, 157, 239, 167, 37, 241, 72, 0, 214, 157, 239, 167, 101, 207, 60, 32, 25, 79, 110, 157, 101, 207, 93, 49, 204, 254, 191, 153, 246, 255, 93, 49, 204, 254, 191, 153, 211, 163, 93, 49, 204, 254, 191, 153, 37, 241, 229, 68, 205, 175, 217, 205, 211, 163, 108, 128, 193, 254, 192, 136, 246, 255, 97, 32, 141, 177, 220, 98, 37, 241, 181, 1, 136, 136, 91, 64, 240, 255, 85, 200, 114, 238, 147, 145, 122, 72, 132, 1, 142, 135, 91, 64, 240, 255, 96, 179, 179, 89, 147, 145, 122, 72, 98, 1, 223, 134, 96, 179, 179, 89, 97, 1, 220, 134, 129, 217, 42, 204, 120, 1, 79, 135, 129, 217, 42, 204, 85, 200, 114, 238, 123, 1, 94, 135, 135, 63, 42, 0, 96, 179, 179, 89, 166, 42, 33, 42, 134, 63, 43, 0, 96, 179, 179, 89, 129, 217, 42, 204, 96, 179, 179, 89, 147, 145, 122, 72, 166, 42, 33, 42, 96, 179, 179, 89, 248, 20, 67, 86, 147, 145, 122, 72, 166, 42, 33, 42, 180, 154, 133, 209, 248, 20, 67, 86, 166, 42, 33, 42, 180, 154, 133, 209, 135, 63, 42, 0, 166, 42, 33, 42, 166, 42, 33, 42, 248, 20, 67, 86, 147, 145, 122, 72, 91, 64, 240, 255, 91, 64, 240, 255, 16, 42, 35, 149, 85, 200, 114, 238, 248, 20, 67, 86, 91, 64, 240, 255, 16, 42, 35, 149, 91, 64, 240, 255, 180, 154, 133, 209, 16, 42, 35, 149, 12, 86, 186, 170, 180, 154, 133, 209, 248, 20, 67, 86, 16, 42, 35, 149, 16, 42, 35, 149, 12, 86, 186, 170, 85, 200, 114, 238, 16, 42, 35, 149, 180, 154, 133, 209, 135, 63, 42, 0, 12, 86, 186, 170, 180, 154, 133, 209, 147, 145, 122, 72, 248, 20, 67, 86, 129, 217, 42, 204, 12, 86, 186, 170, 85, 200, 114, 238, 85, 200, 114, 238, 135, 63, 42, 0, 129, 217, 42, 204, 12, 86, 186, 170, 129, 217, 42, 204, 135, 63, 42, 0, 12, 86, 186, 170)
}]
blend_shape_mode = 0

[sub_resource type="ConvexPolygonShape3D" id="ConvexPolygonShape3D_entsh"]
points = PackedVector3Array(10.5656, 2.04268, 3.43814, 6.55278, 8.92962, 2.21661, 0.0370722, 8.89416, 6.96555, 4.91454, 3.34063, 6.75869, 0.020525, 1.98416, 11.1222, 6.52796, -2.25014, 8.94046, 6.49072, -8.97395, -2.23838, 10.5408, -2.11183, -3.4708, 4.05199, 9.03069, -5.44789, -6.49311, 8.97218, 2.2362, -4.01094, 9.05729, -5.43482, -6.51793, -2.20758, 8.96006, -4.05438, -9.03246, 5.44353, 4.00855, -9.05729, 5.43265, -0.0394611, -8.89593, -6.96772, 6.51555, 2.20581, -8.96223, -0.0229139, -1.98594, -11.1222, -6.53035, 2.24836, -8.94264, -10.5432, 2.11006, 3.46862, -10.5659, -2.04445, -3.44031, -7.90588, -3.4612, 2.55628, -6.55517, -8.93139, -2.21878, -4.91693, -3.3424, -6.76087)

[node name="D12" type="RigidBody3D" groups=["die"]]
collision_layer = 268435456
collision_mask = 16777217
physics_material_override = SubResource("PhysicsMaterial_tok8s")
gravity_scale = 2.0
center_of_mass_mode = 1
script = ExtResource("1_h3cir")

[node name="MeshInstance3D" type="MeshInstance3D" parent="."]
unique_name_in_owner = true
transform = Transform3D(0.04, 0, 0, 0, 0.04, 0, 0, 0, 0.04, 0, 0, 0)
layers = 64
material_override = ExtResource("2_2rqaq")
cast_shadow = 0
mesh = SubResource("ArrayMesh_ya36o")

[node name="CollisionShape3D" type="CollisionShape3D" parent="."]
transform = Transform3D(0.04, 0, 0, 0, 0.04, 0, 0, 0, 0.04, 0, 0, 0)
shape = SubResource("ConvexPolygonShape3D_entsh")

[node name="Raycasts" type="Node3D" parent="."]
unique_name_in_owner = true
transform = Transform3D(0.45, 0, 0, 0, 0.45, 0, 0, 0, 0.45, 0, 0, 0)

[node name="1" type="RayCast3D" parent="Raycasts"]
transform = Transform3D(0.000653785, 0.832397, 0.554179, -0.443262, -0.49652, 0.746315, 0.896393, -0.246134, 0.368646, 0, 0, 0)
target_position = Vector3(1, 0, 0)
collision_mask = 16777216

[node name="2" type="RayCast3D" parent="Raycasts"]
transform = Transform3D(0.837344, 0.497565, -0.226459, -0.480263, 0.867426, 0.130069, 0.261154, -0.000152489, 0.965297, 0, 0, 0)
target_position = Vector3(1, 0, 0)
collision_mask = 16777216

[node name="3" type="RayCast3D" parent="Raycasts"]
transform = Transform3D(-4.37114e-08, -1, 0, 1, -4.37114e-08, 0, 0, 0, 1, 0, 0, 0)
target_position = Vector3(1, 0, 0)
collision_mask = 16777216

[node name="4" type="RayCast3D" parent="Raycasts"]
transform = Transform3D(0.533364, -0.506958, -0.677138, 0.442473, 0.849464, -0.287449, 0.720929, -0.146302, 0.67739, 0, 0, 0)
target_position = Vector3(1, 0, 0)
collision_mask = 16777216

[node name="5" type="RayCast3D" parent="Raycasts"]
transform = Transform3D(-0.874944, 0.208149, -0.437203, -0.414117, 0.146292, 0.89839, 0.250959, 0.967095, -0.0417996, 0, 0, 0)
target_position = Vector3(1, 0, 0)
collision_mask = 16777216

[node name="6" type="RayCast3D" parent="Raycasts"]
transform = Transform3D(-0.509476, 0.689207, -0.515198, 0.459202, 0.724112, 0.514581, 0.727715, 0.0255868, -0.685404, 0, 0, 0)
target_position = Vector3(1, 0, 0)
collision_mask = 16777216

[node name="7" type="RayCast3D" parent="Raycasts"]
transform = Transform3D(0.4587, 0.420027, -0.783053, -0.484383, -0.620597, -0.616629, -0.744961, 0.662146, -0.0812138, 0, 0, 0)
target_position = Vector3(1, 0, 0)
collision_mask = 16777216

[node name="8" type="RayCast3D" parent="Raycasts"]
transform = Transform3D(0.840566, 0.0382502, -0.540356, 0.460206, -0.576618, 0.675069, -0.285758, -0.816117, -0.502291, 0, 0, 0)
target_position = Vector3(1, 0, 0)
collision_mask = 16777216

[node name="9" type="RayCast3D" parent="Raycasts"]
transform = Transform3D(-0.528594, -0.364885, -0.766452, -0.40359, -0.686299, 0.605069, -0.746795, 0.629167, 0.215509, 0, 0, 0)
target_position = Vector3(1, 0, 0)
collision_mask = 16777216

[node name="10" type="RayCast3D" parent="Raycasts"]
transform = Transform3D(-4.37114e-08, 1, 0, -1, -4.37114e-08, 0, 0, 0, 1, 0, 0, 0)
target_position = Vector3(1, 0, 0)
collision_mask = 16777216

[node name="11" type="RayCast3D" parent="Raycasts"]
transform = Transform3D(-0.842831, -0.253941, 0.474497, 0.449866, 0.151493, 0.880154, -0.29539, 0.955281, -0.013445, 0, 0, 0)
target_position = Vector3(1, 0, 0)
collision_mask = 16777216

[node name="12" type="RayCast3D" parent="Raycasts"]
transform = Transform3D(0.00395223, -0.662622, -0.748943, 0.433451, -0.673799, 0.598428, -0.901168, -0.326995, 0.284551, 0, 0, 0)
target_position = Vector3(1, 0, 0)
collision_mask = 16777216
