[gd_scene load_steps=6 format=4 uid="uid://d2e5accax5j3r"]

[ext_resource type="Script" uid="uid://c8nsu4mmv2yvi" path="res://assets/dicer/dices/die.gd" id="1_7g2xv"]
[ext_resource type="Material" uid="uid://ryj4lu80i7tb" path="res://resources/dice/dice_material.tres" id="2_45ewj"]

[sub_resource type="PhysicsMaterial" id="PhysicsMaterial_tok8s"]
friction = 0.8
rough = true
bounce = 0.2

[sub_resource type="ArrayMesh" id="ArrayMesh_0n06j"]
resource_name = "d20_mesh_MeshBody1_005"
_surfaces = [{
"aabb": AABB(-9.98928, -11.4492, -9.31703, 19.9785, 22.8983, 18.6341),
"attribute_data": PackedByteArray("jMXFpXzPBqbCuSzSr4kNpsCvcdOY3DzTE79qefCbNHl+wFmmOqQ001TjTqZXuFimBKmEpkazhnhhmGnSJpcNpoii5NKg9YrStIrh0i70+6UBumSm17RkpqWRe6VR8qimcu0oem6dEdPT6bXSrKIhpoqsZKYbrlLTD9Fs0yvWNHn3hRinOccs0n+dfaZE3tnS5twipmuQOnooocSlKeiK0k+udqbvy8Km5e4Ap0P5Qnm25vulHqTj/+3avqYzxYrSgbsq0///MKazlv//Zei+pkGVBqayjKLSw5Y006nh4HjK136mO3+i0pSniHmq0orS"),
"format": 34896613399,
"index_count": 60,
"index_data": PackedByteArray("AgAIACEADgASABYAEQAnACoACwAGAAAADQAUABwAAQAfACQADAAEABAACQA2ACIAIAA1ADkAIwAeADgAKAAmADoALwApADsAHQAVADAAMwAuADcADwADACUAGAATACwACgAaAAUAFwArADEAGQAtADIABwAbADQA"),
"name": "Steel - Satin.004",
"primitive": 3,
"uv_scale": Vector4(1.3743, 1.42678, 0, 0),
"vertex_count": 60,
"vertex_data": PackedByteArray("782Hp/7/lMbvzYen/v/S1+/Nh6f+/8S5782Hp/7/jf/vzYen/v9pnX/+f8HLYgvof/5/wctilMZ//n/By2Kj8X/+f8HLYsS5f/5/wctimehZfv7/V58L6Fl+/v9Xn5TGWX7+/1efaZ1Zfv7/V5/t51l+/v9Xn5/GpjAJpq7/jf+mMAmmrv9pnaYwCaau/8LYpjAJpq7/n8amMAmmrv9NugAAFb9JYu3nAAAVv0lifvEAABW/SWKfxgAAFb9JYmDoAAAVv0liTbo4fw7QUgHr/zh/DtBSAQvoOH8O0FIBo/E4fw7QUgHt5zh/DtBSAX7x///pQLWdHvf//+lAtZ3S1///6UC1nQ7O///pQLWdxLn//+lAtZ2Z6MaA8C+s/h73xoDwL6z+0tfGgPAvrP6N/8aA8C+s/j72xoDwL6z+wth/AX8+M50+9n8Bfz4znSbOfwF/PjOdwth/AX8+M51g6H8Bfz4znU26DzJ3WAAA6/8PMndYAACX4g8yd1gAACbODzJ3WAAAfvEPMndYAABg6FjP9VlQAOv/WM/1WVAAl+JYz/VZUACj8VjP9VlQAA7OWM/1WVAAmeilgQAApmCX4qWBAACmYB73pYEAAKZgDs6lgQAApmA+9qWBAACmYCbOEcSUgIiRNWHSoWpF4X99f63/wYO7t5cKEcSUgElBaCXSoWpFWxmRPbu3lwoRxJSArf/Bg2+JIskD/w284X99f63/wYMa4bLuA/8NvEfF995viSLJ2lnMwAP/DbyfQZaYR8X33lKB0QC7t5cKSUFoJW+JIsnaWczA+ieB6IiRNWHMN5BH0qFqRVsZkT36J4HoiJE1YeF/fX+8aL5XGuGy7rxovldaN4u3GuGy7p9BlphHxffeUoHRAKUA+H5aN4u32lnMwJ9BlphSgdEApQD4fklBaCXMN5BHWxmRPaUA+H76J4HozDeQR7xovldaN4u3")
}]
blend_shape_mode = 0

[sub_resource type="ConvexPolygonShape3D" id="ConvexPolygonShape3D_u04ph"]
points = PackedVector3Array(-9.98928, 5.64139, -2.16338, -6.19343, 3.40225, 9.29304, -0.129071, 11.4466, 2.27984, -0.0625811, 7.1588, -9.22218, -6.08392, -3.53707, -9.31703, -9.87389, -5.85914, 2.1248, 6.08196, 3.53449, 9.31675, 0.0586672, -7.16139, 9.22008, 9.87194, 5.85656, -2.1269, 6.19147, -3.40483, -9.29514, 0.127114, -11.4492, -2.28376, 9.98927, -5.64397, 2.16128)

[node name="D20" type="RigidBody3D" groups=["die"]]
collision_layer = 268435456
collision_mask = 16777217
physics_material_override = SubResource("PhysicsMaterial_tok8s")
gravity_scale = 2.0
center_of_mass_mode = 1
script = ExtResource("1_7g2xv")

[node name="MeshInstance3D" type="MeshInstance3D" parent="."]
unique_name_in_owner = true
transform = Transform3D(0.04, 0, 0, 0, 0.04, 0, 0, 0, 0.04, 0, 0, 0)
layers = 64
material_override = ExtResource("2_45ewj")
cast_shadow = 0
mesh = SubResource("ArrayMesh_0n06j")

[node name="CollisionShape3D" type="CollisionShape3D" parent="."]
transform = Transform3D(0.04, 0, 0, 0, 0.04, 0, 0, 0, 0.04, 0, 0, 0)
shape = SubResource("ConvexPolygonShape3D_u04ph")

[node name="Raycasts" type="Node3D" parent="."]
unique_name_in_owner = true
transform = Transform3D(0.4, 0, 0, 0, 0.4, 0, 0, 0, 0.4, 0, 0, 0)

[node name="1" type="RayCast3D" parent="Raycasts"]
transform = Transform3D(-4.37114e-08, 0, 1, 0, 0.999999, 0, -1, 0, -4.37114e-08, 0, 0, 0)
target_position = Vector3(1, 0, 0)
collision_mask = 16777216

[node name="2" type="RayCast3D" parent="Raycasts"]
transform = Transform3D(-0.595934, -0.1768, -0.783329, -0.362544, 0.929626, 0.0659939, 0.716536, 0.323319, -0.618095, 0, 0, 0)
target_position = Vector3(1, 0, 0)
collision_mask = 16777216

[node name="3" type="RayCast3D" parent="Raycasts"]
transform = Transform3D(0.337496, -0.0171086, -0.941172, 0.887564, -0.327278, 0.324222, -0.313572, -0.944773, -0.0952701, 0, 0, 0)
target_position = Vector3(1, 0, 0)
collision_mask = 16777216

[node name="4" type="RayCast3D" parent="Raycasts"]
transform = Transform3D(0.35782, 0.901843, -0.242166, -0.881775, 0.411676, 0.230208, 0.307305, 0.131162, 0.942529, 0, 0, 0)
target_position = Vector3(1, 0, 0)
collision_mask = 16777216

[node name="5" type="RayCast3D" parent="Raycasts"]
transform = Transform3D(-0.57581, -0.378564, -0.724659, -0.749111, -0.11079, 0.653115, -0.327531, 0.918921, -0.219792, 0, 0, 0)
target_position = Vector3(1, 0, 0)
collision_mask = 16777216

[node name="6" type="RayCast3D" parent="Raycasts"]
transform = Transform3D(0.927228, 0.130908, -0.350875, 0.14477, 0.738783, 0.658209, 0.345385, -0.661106, 0.66607, 0, 0, 0)
target_position = Vector3(1, 0, 0)
collision_mask = 16777216

[node name="7" type="RayCast3D" parent="Raycasts"]
transform = Transform3D(-0.578896, -0.42845, -0.693764, 0.351659, -0.898819, 0.261651, -0.735673, -0.0924999, 0.670991, 0, 0, 0)
target_position = Vector3(1, 0, 0)
collision_mask = 16777216

[node name="8" type="RayCast3D" parent="Raycasts"]
transform = Transform3D(0.00421195, 0.759554, 0.650431, 0.66815, -0.486074, 0.563297, 0.744014, 0.432213, -0.509544, 0, 0, 0)
target_position = Vector3(1, 0, 0)
collision_mask = 16777216

[node name="9" type="RayCast3D" parent="Raycasts"]
transform = Transform3D(0.939347, -0.331086, 0.0894924, -0.131272, -0.106021, 0.985662, -0.316851, -0.937625, -0.143054, 0, 0, 0)
target_position = Vector3(1, 0, 0)
collision_mask = 16777216

[node name="10" type="RayCast3D" parent="Raycasts"]
transform = Transform3D(-0.579599, -0.436855, 0.687912, 0.749493, -0.617143, 0.239571, 0.319882, 0.65444, 0.685116, 0, 0, 0)
target_position = Vector3(1, 0, 0)
collision_mask = 16777216

[node name="11" type="RayCast3D" parent="Raycasts"]
transform = Transform3D(0.589856, 0.155231, 0.792448, -0.724781, 0.534456, 0.434794, -0.356035, -0.830818, 0.427761, 0, 0, 0)
target_position = Vector3(1, 0, 0)
collision_mask = 16777216

[node name="12" type="RayCast3D" parent="Raycasts"]
transform = Transform3D(-0.934622, 0.174822, 0.309705, 0.112968, -0.679799, 0.724646, 0.337222, 0.712256, 0.615607, 0, 0, 0)
target_position = Vector3(1, 0, 0)
collision_mask = 16777216

[node name="13" type="RayCast3D" parent="Raycasts"]
transform = Transform3D(0.0112025, -0.728396, -0.685064, -0.671809, -0.512932, 0.53439, -0.740639, 0.454246, -0.495091, 0, 0, 0)
target_position = Vector3(1, 0, 0)
collision_mask = 16777216

[node name="14" type="RayCast3D" parent="Raycasts"]
transform = Transform3D(0.56765, 0.790417, 0.230247, -0.322326, -0.0439697, 0.945607, 0.757547, -0.610988, 0.229814, 0, 0, 0)
target_position = Vector3(1, 0, 0)
collision_mask = 16777216

[node name="15" type="RayCast3D" parent="Raycasts"]
transform = Transform3D(-0.939048, -0.291102, -0.182889, -0.172104, -0.0624601, 0.983097, -0.297605, 0.954651, 0.00855217, 0, 0, 0)
target_position = Vector3(1, 0, 0)
collision_mask = 16777216

[node name="16" type="RayCast3D" parent="Raycasts"]
transform = Transform3D(0.557587, -0.0950416, -0.824659, 0.761372, 0.454393, 0.462428, 0.33077, -0.885716, 0.325727, 0, 0, 0)
target_position = Vector3(1, 0, 0)
collision_mask = 16777216

[node name="17" type="RayCast3D" parent="Raycasts"]
transform = Transform3D(-0.393062, 0.238342, 0.888085, 0.855639, 0.448491, 0.258337, -0.336726, 0.861422, -0.380221, 0, 0, 0)
target_position = Vector3(1, 0, 0)
collision_mask = 16777216

[node name="18" type="RayCast3D" parent="Raycasts"]
transform = Transform3D(-0.327289, 0.614065, -0.718198, -0.900328, 0.0280895, 0.434304, 0.286865, 0.788755, 0.543666, 0, 0, 0)
target_position = Vector3(1, 0, 0)
collision_mask = 16777216

[node name="19" type="RayCast3D" parent="Raycasts"]
transform = Transform3D(0.57945, 0.636296, 0.509278, 0.372888, 0.348654, -0.859881, -0.724701, 0.688162, -0.0352409, 0, 0, 0)
target_position = Vector3(1, 0, 0)
collision_mask = 16777216

[node name="20" type="RayCast3D" parent="Raycasts"]
transform = Transform3D(-4.37114e-08, 0, -1, 0, 1, 0, 1, 0, -4.37114e-08, 0, 0, 0)
target_position = Vector3(1, 0, 0)
collision_mask = 16777216
