[gd_scene load_steps=6 format=3 uid="uid://d2e5accax5j3r"]

[ext_resource type="Script" path="res://assets/dicer/dices/die.gd" id="1_7g2xv"]
[ext_resource type="Material" uid="uid://ryj4lu80i7tb" path="res://resources/dice/dice_material.tres" id="2_45ewj"]

[sub_resource type="PhysicsMaterial" id="PhysicsMaterial_tok8s"]
friction = 0.8
rough = true
bounce = 0.2

[sub_resource type="ArrayMesh" id="ArrayMesh_0n06j"]
resource_name = "d20_mesh_MeshBody1_005"
_surfaces = [{
"aabb": AABB(-9.98928, -11.4492, -9.31703, 19.9785, 22.8983, 18.6341),
"attribute_data": PackedByteArray(140, 197, 197, 165, 124, 207, 6, 166, 194, 185, 44, 210, 175, 137, 13, 166, 192, 175, 113, 211, 152, 220, 60, 211, 19, 191, 106, 121, 240, 155, 52, 121, 126, 192, 89, 166, 58, 164, 52, 211, 84, 227, 78, 166, 87, 184, 88, 166, 4, 169, 132, 166, 70, 179, 134, 120, 97, 152, 105, 210, 38, 151, 13, 166, 136, 162, 228, 210, 160, 245, 138, 210, 180, 138, 225, 210, 46, 244, 251, 165, 1, 186, 100, 166, 215, 180, 100, 166, 165, 145, 123, 165, 81, 242, 168, 166, 114, 237, 40, 122, 110, 157, 17, 211, 211, 233, 181, 210, 172, 162, 33, 166, 138, 172, 100, 166, 27, 174, 82, 211, 15, 209, 108, 211, 43, 214, 52, 121, 247, 133, 24, 167, 57, 199, 44, 210, 127, 157, 125, 166, 68, 222, 217, 210, 230, 220, 34, 166, 107, 144, 58, 122, 40, 161, 196, 165, 41, 232, 138, 210, 79, 174, 118, 166, 239, 203, 194, 166, 229, 238, 0, 167, 67, 249, 66, 121, 182, 230, 251, 165, 30, 164, 227, 255, 237, 218, 190, 166, 51, 197, 138, 210, 129, 187, 42, 211, 255, 255, 48, 166, 179, 150, 255, 255, 101, 232, 190, 166, 65, 149, 6, 166, 178, 140, 162, 210, 195, 150, 52, 211, 169, 225, 224, 120, 202, 215, 126, 166, 59, 127, 162, 210, 148, 167, 136, 121, 170, 210, 138, 210),
"format": 34896613399,
"index_count": 60,
"index_data": PackedByteArray(2, 0, 8, 0, 33, 0, 14, 0, 18, 0, 22, 0, 17, 0, 39, 0, 42, 0, 11, 0, 6, 0, 0, 0, 13, 0, 20, 0, 28, 0, 1, 0, 31, 0, 36, 0, 12, 0, 4, 0, 16, 0, 9, 0, 54, 0, 34, 0, 32, 0, 53, 0, 57, 0, 35, 0, 30, 0, 56, 0, 40, 0, 38, 0, 58, 0, 47, 0, 41, 0, 59, 0, 29, 0, 21, 0, 48, 0, 51, 0, 46, 0, 55, 0, 15, 0, 3, 0, 37, 0, 24, 0, 19, 0, 44, 0, 10, 0, 26, 0, 5, 0, 23, 0, 43, 0, 49, 0, 25, 0, 45, 0, 50, 0, 7, 0, 27, 0, 52, 0),
"name": "Steel - Satin.004",
"primitive": 3,
"uv_scale": Vector4(1.3743, 1.42678, 0, 0),
"vertex_count": 60,
"vertex_data": PackedByteArray(239, 205, 135, 167, 254, 255, 148, 198, 239, 205, 135, 167, 254, 255, 210, 215, 239, 205, 135, 167, 254, 255, 196, 185, 239, 205, 135, 167, 254, 255, 141, 255, 239, 205, 135, 167, 254, 255, 105, 157, 127, 254, 127, 193, 203, 98, 11, 232, 127, 254, 127, 193, 203, 98, 148, 198, 127, 254, 127, 193, 203, 98, 163, 241, 127, 254, 127, 193, 203, 98, 196, 185, 127, 254, 127, 193, 203, 98, 153, 232, 89, 126, 254, 255, 87, 159, 11, 232, 89, 126, 254, 255, 87, 159, 148, 198, 89, 126, 254, 255, 87, 159, 105, 157, 89, 126, 254, 255, 87, 159, 237, 231, 89, 126, 254, 255, 87, 159, 159, 198, 166, 48, 9, 166, 174, 255, 141, 255, 166, 48, 9, 166, 174, 255, 105, 157, 166, 48, 9, 166, 174, 255, 194, 216, 166, 48, 9, 166, 174, 255, 159, 198, 166, 48, 9, 166, 174, 255, 77, 186, 0, 0, 21, 191, 73, 98, 237, 231, 0, 0, 21, 191, 73, 98, 126, 241, 0, 0, 21, 191, 73, 98, 159, 198, 0, 0, 21, 191, 73, 98, 96, 232, 0, 0, 21, 191, 73, 98, 77, 186, 56, 127, 14, 208, 82, 1, 235, 255, 56, 127, 14, 208, 82, 1, 11, 232, 56, 127, 14, 208, 82, 1, 163, 241, 56, 127, 14, 208, 82, 1, 237, 231, 56, 127, 14, 208, 82, 1, 126, 241, 255, 255, 233, 64, 181, 157, 30, 247, 255, 255, 233, 64, 181, 157, 210, 215, 255, 255, 233, 64, 181, 157, 14, 206, 255, 255, 233, 64, 181, 157, 196, 185, 255, 255, 233, 64, 181, 157, 153, 232, 198, 128, 240, 47, 172, 254, 30, 247, 198, 128, 240, 47, 172, 254, 210, 215, 198, 128, 240, 47, 172, 254, 141, 255, 198, 128, 240, 47, 172, 254, 62, 246, 198, 128, 240, 47, 172, 254, 194, 216, 127, 1, 127, 62, 51, 157, 62, 246, 127, 1, 127, 62, 51, 157, 38, 206, 127, 1, 127, 62, 51, 157, 194, 216, 127, 1, 127, 62, 51, 157, 96, 232, 127, 1, 127, 62, 51, 157, 77, 186, 15, 50, 119, 88, 0, 0, 235, 255, 15, 50, 119, 88, 0, 0, 151, 226, 15, 50, 119, 88, 0, 0, 38, 206, 15, 50, 119, 88, 0, 0, 126, 241, 15, 50, 119, 88, 0, 0, 96, 232, 88, 207, 245, 89, 80, 0, 235, 255, 88, 207, 245, 89, 80, 0, 151, 226, 88, 207, 245, 89, 80, 0, 163, 241, 88, 207, 245, 89, 80, 0, 14, 206, 88, 207, 245, 89, 80, 0, 153, 232, 165, 129, 0, 0, 166, 96, 151, 226, 165, 129, 0, 0, 166, 96, 30, 247, 165, 129, 0, 0, 166, 96, 14, 206, 165, 129, 0, 0, 166, 96, 62, 246, 165, 129, 0, 0, 166, 96, 38, 206, 17, 196, 148, 128, 136, 145, 53, 97, 210, 161, 106, 69, 225, 127, 125, 127, 173, 255, 193, 131, 187, 183, 151, 10, 17, 196, 148, 128, 73, 65, 104, 37, 210, 161, 106, 69, 91, 25, 145, 61, 187, 183, 151, 10, 17, 196, 148, 128, 173, 255, 193, 131, 111, 137, 34, 201, 3, 255, 13, 188, 225, 127, 125, 127, 173, 255, 193, 131, 26, 225, 178, 238, 3, 255, 13, 188, 71, 197, 247, 222, 111, 137, 34, 201, 218, 89, 204, 192, 3, 255, 13, 188, 159, 65, 150, 152, 71, 197, 247, 222, 82, 129, 209, 0, 187, 183, 151, 10, 73, 65, 104, 37, 111, 137, 34, 201, 218, 89, 204, 192, 250, 39, 129, 232, 136, 145, 53, 97, 204, 55, 144, 71, 210, 161, 106, 69, 91, 25, 145, 61, 250, 39, 129, 232, 136, 145, 53, 97, 225, 127, 125, 127, 188, 104, 190, 87, 26, 225, 178, 238, 188, 104, 190, 87, 90, 55, 139, 183, 26, 225, 178, 238, 159, 65, 150, 152, 71, 197, 247, 222, 82, 129, 209, 0, 165, 0, 248, 126, 90, 55, 139, 183, 218, 89, 204, 192, 159, 65, 150, 152, 82, 129, 209, 0, 165, 0, 248, 126, 73, 65, 104, 37, 204, 55, 144, 71, 91, 25, 145, 61, 165, 0, 248, 126, 250, 39, 129, 232, 204, 55, 144, 71, 188, 104, 190, 87, 90, 55, 139, 183)
}]
blend_shape_mode = 0

[sub_resource type="ConvexPolygonShape3D" id="ConvexPolygonShape3D_u04ph"]
points = PackedVector3Array(-9.98928, 5.64139, -2.16338, -6.19343, 3.40225, 9.29304, -0.129071, 11.4466, 2.27984, -0.0625811, 7.1588, -9.22218, -6.08392, -3.53707, -9.31703, -9.87389, -5.85914, 2.1248, 6.08196, 3.53449, 9.31675, 0.0586672, -7.16139, 9.22008, 9.87194, 5.85656, -2.1269, 6.19147, -3.40483, -9.29514, 0.127114, -11.4492, -2.28376, 9.98927, -5.64397, 2.16128)

[node name="D20" type="RigidBody3D" groups=["die"]]
collision_layer = 268435456
collision_mask = 16777217
physics_material_override = SubResource("PhysicsMaterial_tok8s")
gravity_scale = 2.0
center_of_mass_mode = 1
script = ExtResource("1_7g2xv")

[node name="MeshInstance3D" type="MeshInstance3D" parent="."]
unique_name_in_owner = true
transform = Transform3D(0.04, 0, 0, 0, 0.04, 0, 0, 0, 0.04, 0, 0, 0)
layers = 64
material_override = ExtResource("2_45ewj")
cast_shadow = 0
mesh = SubResource("ArrayMesh_0n06j")

[node name="CollisionShape3D" type="CollisionShape3D" parent="."]
transform = Transform3D(0.04, 0, 0, 0, 0.04, 0, 0, 0, 0.04, 0, 0, 0)
shape = SubResource("ConvexPolygonShape3D_u04ph")

[node name="Raycasts" type="Node3D" parent="."]
unique_name_in_owner = true
transform = Transform3D(0.4, 0, 0, 0, 0.4, 0, 0, 0, 0.4, 0, 0, 0)

[node name="1" type="RayCast3D" parent="Raycasts"]
transform = Transform3D(-4.37114e-08, 0, 1, 0, 0.999999, 0, -1, 0, -4.37114e-08, 0, 0, 0)
target_position = Vector3(1, 0, 0)
collision_mask = 16777216

[node name="2" type="RayCast3D" parent="Raycasts"]
transform = Transform3D(-0.595934, -0.1768, -0.783329, -0.362544, 0.929626, 0.0659939, 0.716536, 0.323319, -0.618095, 0, 0, 0)
target_position = Vector3(1, 0, 0)
collision_mask = 16777216

[node name="3" type="RayCast3D" parent="Raycasts"]
transform = Transform3D(0.337496, -0.0171086, -0.941172, 0.887564, -0.327278, 0.324222, -0.313572, -0.944773, -0.0952701, 0, 0, 0)
target_position = Vector3(1, 0, 0)
collision_mask = 16777216

[node name="4" type="RayCast3D" parent="Raycasts"]
transform = Transform3D(0.35782, 0.901843, -0.242166, -0.881775, 0.411676, 0.230208, 0.307305, 0.131162, 0.942529, 0, 0, 0)
target_position = Vector3(1, 0, 0)
collision_mask = 16777216

[node name="5" type="RayCast3D" parent="Raycasts"]
transform = Transform3D(-0.57581, -0.378564, -0.724659, -0.749111, -0.11079, 0.653115, -0.327531, 0.918921, -0.219792, 0, 0, 0)
target_position = Vector3(1, 0, 0)
collision_mask = 16777216

[node name="6" type="RayCast3D" parent="Raycasts"]
transform = Transform3D(0.927228, 0.130908, -0.350875, 0.14477, 0.738783, 0.658209, 0.345385, -0.661106, 0.66607, 0, 0, 0)
target_position = Vector3(1, 0, 0)
collision_mask = 16777216

[node name="7" type="RayCast3D" parent="Raycasts"]
transform = Transform3D(-0.578896, -0.42845, -0.693764, 0.351659, -0.898819, 0.261651, -0.735673, -0.0924999, 0.670991, 0, 0, 0)
target_position = Vector3(1, 0, 0)
collision_mask = 16777216

[node name="8" type="RayCast3D" parent="Raycasts"]
transform = Transform3D(0.00421195, 0.759554, 0.650431, 0.66815, -0.486074, 0.563297, 0.744014, 0.432213, -0.509544, 0, 0, 0)
target_position = Vector3(1, 0, 0)
collision_mask = 16777216

[node name="9" type="RayCast3D" parent="Raycasts"]
transform = Transform3D(0.939347, -0.331086, 0.0894924, -0.131272, -0.106021, 0.985662, -0.316851, -0.937625, -0.143054, 0, 0, 0)
target_position = Vector3(1, 0, 0)
collision_mask = 16777216

[node name="10" type="RayCast3D" parent="Raycasts"]
transform = Transform3D(-0.579599, -0.436855, 0.687912, 0.749493, -0.617143, 0.239571, 0.319882, 0.65444, 0.685116, 0, 0, 0)
target_position = Vector3(1, 0, 0)
collision_mask = 16777216

[node name="11" type="RayCast3D" parent="Raycasts"]
transform = Transform3D(0.589856, 0.155231, 0.792448, -0.724781, 0.534456, 0.434794, -0.356035, -0.830818, 0.427761, 0, 0, 0)
target_position = Vector3(1, 0, 0)
collision_mask = 16777216

[node name="12" type="RayCast3D" parent="Raycasts"]
transform = Transform3D(-0.934622, 0.174822, 0.309705, 0.112968, -0.679799, 0.724646, 0.337222, 0.712256, 0.615607, 0, 0, 0)
target_position = Vector3(1, 0, 0)
collision_mask = 16777216

[node name="13" type="RayCast3D" parent="Raycasts"]
transform = Transform3D(0.0112025, -0.728396, -0.685064, -0.671809, -0.512932, 0.53439, -0.740639, 0.454246, -0.495091, 0, 0, 0)
target_position = Vector3(1, 0, 0)
collision_mask = 16777216

[node name="14" type="RayCast3D" parent="Raycasts"]
transform = Transform3D(0.56765, 0.790417, 0.230247, -0.322326, -0.0439697, 0.945607, 0.757547, -0.610988, 0.229814, 0, 0, 0)
target_position = Vector3(1, 0, 0)
collision_mask = 16777216

[node name="15" type="RayCast3D" parent="Raycasts"]
transform = Transform3D(-0.939048, -0.291102, -0.182889, -0.172104, -0.0624601, 0.983097, -0.297605, 0.954651, 0.00855217, 0, 0, 0)
target_position = Vector3(1, 0, 0)
collision_mask = 16777216

[node name="16" type="RayCast3D" parent="Raycasts"]
transform = Transform3D(0.557587, -0.0950416, -0.824659, 0.761372, 0.454393, 0.462428, 0.33077, -0.885716, 0.325727, 0, 0, 0)
target_position = Vector3(1, 0, 0)
collision_mask = 16777216

[node name="17" type="RayCast3D" parent="Raycasts"]
transform = Transform3D(-0.393062, 0.238342, 0.888085, 0.855639, 0.448491, 0.258337, -0.336726, 0.861422, -0.380221, 0, 0, 0)
target_position = Vector3(1, 0, 0)
collision_mask = 16777216

[node name="18" type="RayCast3D" parent="Raycasts"]
transform = Transform3D(-0.327289, 0.614065, -0.718198, -0.900328, 0.0280895, 0.434304, 0.286865, 0.788755, 0.543666, 0, 0, 0)
target_position = Vector3(1, 0, 0)
collision_mask = 16777216

[node name="19" type="RayCast3D" parent="Raycasts"]
transform = Transform3D(0.57945, 0.636296, 0.509278, 0.372888, 0.348654, -0.859881, -0.724701, 0.688162, -0.0352409, 0, 0, 0)
target_position = Vector3(1, 0, 0)
collision_mask = 16777216

[node name="20" type="RayCast3D" parent="Raycasts"]
transform = Transform3D(-4.37114e-08, 0, -1, 0, 1, 0, 1, 0, -4.37114e-08, 0, 0, 0)
target_position = Vector3(1, 0, 0)
collision_mask = 16777216
