[gd_scene load_steps=6 format=4 uid="uid://dgx7e3ptqw0gv"]

[ext_resource type="Script" uid="uid://c8nsu4mmv2yvi" path="res://assets/dicer/dices/die.gd" id="1_nhfbc"]
[ext_resource type="Material" uid="uid://ryj4lu80i7tb" path="res://resources/dice/dice_material.tres" id="2_uhc0x"]

[sub_resource type="PhysicsMaterial" id="PhysicsMaterial_tok8s"]
friction = 0.8
rough = true
bounce = 0.2

[sub_resource type="ArrayMesh" id="ArrayMesh_ueus3"]
resource_name = "d8_mesh_MeshBody1_001"
_surfaces = [{
"aabb": AABB(-8.06483, -6.60402, -9.20861, 16.1297, 13.208, 18.4172),
"attribute_data": PackedByteArray("JBAQMTsgTTAhPUIxzUy8MeQctjBKQHcxu2z7MIlwOjB0FsgEhDYSBYFWFgV3drUFnCyLMOcvMDH7XNwwQIB9MVgmZQWWRogEpWYBBXeGqwRDUNAwHGDaMCF9YTATjYsw"),
"format": 34896613399,
"index_count": 24,
"index_data": PackedByteArray("BAAAAAgACQACAA0ADAABABAABQARAAMAFgAHAAsADgAUAAoAEwAXAA8AFQASAAYA"),
"name": "Material.004",
"primitive": 3,
"uv_scale": Vector4(0, 0, 0, 0),
"vertex_count": 24,
"vertex_data": PackedByteArray("pwEF/6s+bPKnAQX/qz48wacBBf+rPmv2pwEF/6s+4v///2D9gz9s8v//YP2DP+L///9g/YM/7sD//2D9gz9j9v9/AAAAAGzy/38AAAAAa/b/fwAAAAD5//9/AAAAAGP2AACeAnvAPMEAAJ4Ce8Br9gAAngJ7wPn/AACeAnvAmo3/f/////88wf9//////+L//3//////7sD/f/////+ajVf++QBTwfn/V/75AFPB7sBX/vkAU8Fj9lf++QBTwZqNev8kgMByrbmN2i7LGkA3AHr/JIAaQDcAWDmQDVG0PFp6/ySAjdouy17Arf9RtDxawHKtuY3aLstewK3/wAiNgMByrbkaQDcAWDmQDcAIjYBewK3/WDmQDVG0PFrACI2A")
}]
blend_shape_mode = 0

[sub_resource type="ConvexPolygonShape3D" id="ConvexPolygonShape3D_nmty2"]
points = PackedVector3Array(8.06483, 6.46826, -4.64036, -7.9622, 6.55359, -4.70165, -0.00157928, 6.60402, 9.20861, 7.95904, -6.55489, 4.69805, -0.00157928, -6.60402, -9.20861, -8.06483, -6.46956, 4.63856)

[node name="D8" type="RigidBody3D" groups=["die"]]
collision_layer = 268435456
collision_mask = 16777217
physics_material_override = SubResource("PhysicsMaterial_tok8s")
gravity_scale = 2.0
center_of_mass_mode = 1
script = ExtResource("1_nhfbc")

[node name="MeshInstance3D" type="MeshInstance3D" parent="."]
unique_name_in_owner = true
transform = Transform3D(0.04, 0, 0, 0, 0.04, 0, 0, 0, 0.04, 0, 0, 0)
layers = 64
material_override = ExtResource("2_uhc0x")
cast_shadow = 0
mesh = SubResource("ArrayMesh_ueus3")

[node name="CollisionShape3D" type="CollisionShape3D" parent="."]
transform = Transform3D(0.04, 0, 0, 0, 0.04, 0, 0, 0, 0.04, 0, 0, 0)
shape = SubResource("ConvexPolygonShape3D_nmty2")

[node name="Raycasts" type="Node3D" parent="."]
unique_name_in_owner = true
transform = Transform3D(0.35, 0, 0, 0, 0.35, 0, 0, 0, 0.35, 0, 0, 0)

[node name="1" type="RayCast3D" parent="Raycasts"]
transform = Transform3D(-0.0154354, 0.916106, 0.400639, -0.351181, -0.380127, 0.855673, 0.936181, -0.127489, 0.327587, 0, 0, 0)
target_position = Vector3(1, 0, 0)
collision_mask = 16777216

[node name="2" type="RayCast3D" parent="Raycasts"]
transform = Transform3D(0.815729, -0.572832, 0.0803106, -0.351181, -0.380127, 0.855673, -0.459629, -0.726201, -0.511249, 0, 0, 0)
target_position = Vector3(1, 0, 0)
collision_mask = 16777216

[node name="3" type="RayCast3D" parent="Raycasts"]
transform = Transform3D(0.815705, 0.480989, -0.321364, 0.36655, -6.58386e-09, 0.930399, 0.447511, -0.876727, -0.176306, 0, 0, 0)
target_position = Vector3(1, 0, 0)
collision_mask = 16777216

[node name="4" type="RayCast3D" parent="Raycasts"]
transform = Transform3D(-4.37114e-08, 1, 0, -1, -4.37114e-08, 0, 0, 0, 1, 0, 0, 0)
target_position = Vector3(1, 0, 0)
collision_mask = 16777216

[node name="5" type="RayCast3D" parent="Raycasts"]
transform = Transform3D(-4.37114e-08, -1, 0, 1, -4.37114e-08, 0, 0, 0, 1, 0, 0, 0)
target_position = Vector3(1, 0, 0)
collision_mask = 16777216

[node name="6" type="RayCast3D" parent="Raycasts"]
transform = Transform3D(-0.806928, -0.340662, -0.482512, -0.351181, -0.380127, 0.855673, -0.474911, 0.859915, 0.187101, 0, 0, 0)
target_position = Vector3(1, 0, 0)
collision_mask = 16777216

[node name="7" type="RayCast3D" parent="Raycasts"]
transform = Transform3D(-0.808527, 0.494792, 0.318536, 0.36655, -1.73728e-08, 0.930399, 0.460353, 0.869012, -0.181366, 0, 0, 0)
target_position = Vector3(1, 0, 0)
collision_mask = 16777216

[node name="8" type="RayCast3D" parent="Raycasts"]
transform = Transform3D(-4.37114e-08, -1, 1.1729e-15, 0.36655, -1.60224e-08, 0.930399, -0.930399, 4.0669e-08, 0.36655, 0, 0, 0)
target_position = Vector3(1, 0, 0)
collision_mask = 16777216
